1 1
2 1
3 1
4 1
5 1
6 1
7 1
8 1
9 1
10 1
10 2
11 2
11 3
12 3
12 4
13 4
14 4
15 4
15 5
15 6
15 7
15 8
15 9
15 10
15 11
15 12
14 12
13 12
13 13
13 14
13 15
13 16
14 16
15 16
15 17
16 17
16 18
16 19
16 20
17 20
18 20
18 21
18 22
18 23
18 24
18 25
18 26
19 26
20 26
20 27
21 27
22 27
22 28
22 29
22 30
21 30
21 31
20 31
20 32
19 32
18 32
18 33
18 34
17 34
17 35
16 35
16 36
16 37
16 38
16 39
16 40
16 41
16 42
16 43
16 44
15 44
15 45
14 45
14 46
13 46
13 47
13 48
13 49
13 50
13 51
13 52
13 53
13 54
14 54
15 54
15 55
15 56
15 57
15 58
15 59
15 60
15 61
15 62
14 62
13 62
13 63
13 64
13 65
13 66
14 66
15 66
15 67
16 67
16 68
16 69
16 70
17 70
18 70
18 71
18 72
18 73
18 74
18 75
18 76
19 76
20 76
20 77
21 77
22 77
22 78
22 79
22 80
21 80
21 81
20 81
20 82
19 82
18 82
18 83
18 84
17 84
17 85
16 85
16 86
16 87
16 88
16 89
16 90
16 91
16 92
16 93
16 94
15 94
15 95
14 95
14 96
13 96
12 96
11 96
10 96
9 96
8 96
7 96
7 97
6 97
6 96
6 95
6 94
6 93
6 92
6 91
6 90
6 89
6 88
6 87
6 86
6 85
6 84
6 83
6 82
6 81
6 80
6 79
5 79
5 78
4 78
4 77
4 76
3 76
2 76
3 76
4 76
5 76
5 75
6 75
6 74
7 74
8 74
9 74
9 73
9 72
