1 1
2 1
3 1
4 1
5 1
6 1
7 1
8 1
9 1
10 1
11 1
12 1
13 1
13 2
13 3
13 4
14 4
15 4
15 5
15 6
15 7
14 7
13 7
12 7
11 7
10 7
10 8
9 8
9 9
9 10
8 10
9 10
9 11
10 11
10 12
11 12
11 13
12 13
13 13
13 14
13 15
13 16
14 16
15 16
15 17
16 17
16 18
16 19
16 20
17 20
18 20
18 21
18 22
18 23
18 24
18 25
18 26
19 26
20 26
20 27
21 27
22 27
22 28
22 29
22 30
22 31
22 32
22 33
22 34
23 34
23 35
24 35
24 36
25 36
25 35
25 34
26 34
26 33
27 33
27 32
28 32
29 32
30 32
30 31
31 31
31 30
32 30
32 29
32 28
32 27
32 26
32 25
33 25
34 25
35 25
36 25
36 26
36 25
36 24
36 23
36 22
36 21
36 20
36 19
36 18
36 17
36 16
36 15
37 15
38 15
39 15
39 16
40 16
40 17
40 18
40 19
41 19
41 20
41 21
42 21
42 22
42 23
42 24
43 24
43 25
44 25
44 26
45 26
45 27
46 27
46 28
46 29
46 30
47 30
48 30
49 30
48 30
48 31
47 31
47 32
47 33
48 33
48 34
49 34
48 34
48 35
47 35
46 35
46 36
46 37
46 38
47 38
47 39
48 39
48 40
47 40
47 41
46 41
45 41
45 42
45 43
46 43
46 44
47 44
47 45
47 46
47 45
47 44
46 44
46 43
45 43
44 43
44 42
43 42
42 42
41 42
41 43
41 44
40 44
39 44
39 45
38 45
37 45
36 45
35 45
35 44
35 43
35 42
35 41
36 41
37 41
37 42
37 43
37 42
37 41
38 41
38 40
38 39
37 39
37 38
37 37
37 36
36 36
36 37
37 37
37 38
37 39
